aggiungi-stazione 85915110 7 7221310 6657462 7195838 6296306 7503837 6574813 5677551
aggiungi-auto 85915110 6837659
aggiungi-stazione 17460793 7 15298362 15105340 12774668 15234360 13903386 13579433 15831989
aggiungi-auto 17460793 14826433
aggiungi-stazione 33261113 5 11767398 13913065 12023460 11703203 11864437
aggiungi-auto 33261113 11228206
aggiungi-auto 33261113 13535131
aggiungi-stazione 19861335 7 12013105 13525926 14957886 14769817 14211214 13739480 12696035
aggiungi-auto 19861335 11981025
rottama-auto 33261113 9806883
aggiungi-stazione 22917402 8 15341925 15142033 11882642 14388148 14011617 11959828 14598602 13560245
aggiungi-auto 22917402 12233818
rottama-auto 10773778 99316901
pianifica-percorso 33261113 17460793
demolisci-stazione 33261113
aggiungi-stazione 90971454 8 6166937 5474657 6156107 5557940 6119810 6768103 6540924 5557948
aggiungi-auto 90971454 6550225
aggiungi-auto 90971454 5685336
rottama-auto 165510 33136113
aggiungi-stazione 86383359 7 6461288 7285009 6299167 5614846 5925263 6282502 7463495
aggiungi-auto 86383359 5950110
aggiungi-stazione 49638249 7 10963163 9523441 11809638 11316340 10428944 9870441 12032166
aggiungi-auto 49638249 11554228
aggiungi-auto 49638249 9993071
aggiungi-auto 49638249 12063424
aggiungi-stazione 36422172 5 10486043 12705508 11831239 11316241 13280698
aggiungi-stazione 41079794 4 10809082 12357446 12994276 10241207
aggiungi-auto 41079794 12882428
aggiungi-stazione 75250434 5 8169210 6921674 7745826 7306849 7109840
aggiungi-auto 75250434 8093411
aggiungi-auto 75250434 8759279
pianifica-percorso 36422172 90971454
aggiungi-stazione 41247275 7 10946051 12994576 10099147 10520047 12271255 12448280 10082878
aggiungi-auto 41247275 12030444
aggiungi-auto 41247275 10840304
aggiungi-stazione 12974081 8 13687817 16364624 13202435 13660211 12630545 13757150 13302895 14555484
aggiungi-stazione 13796096 8 12691851 12632964 15457407 13091482 14478391 16587418 14914329 16645905
aggiungi-stazione 76213640 7 6760592 7050194 7970053 6729105 7089202 7074320 8339830
aggiungi-auto 76213640 8331294
aggiungi-stazione 8188528 4 14889666 14131534 14801225 16705244
aggiungi-auto 8188528 15171694
pianifica-percorso 8188528 75250434
pianifica-percorso 86383359 12974081
pianifica-percorso 90971454 22917402
aggiungi-stazione 20161479 5 12455581 14770284 13976193 14698978 13035603
demolisci-stazione 16983789
pianifica-percorso 13796096 85915110
aggiungi-stazione 61043412 5 9351829 8731524 9176321 9356621 9647669
pianifica-percorso 20161479 41079794
aggiungi-stazione 16830910 9 12624393 14739725 15472499 12529577 14731206 16190463 12666905 15263821 13505795
aggiungi-auto 16830910 14148151
aggiungi-stazione 49427771 9 10588593 9801875 10537153 11286857 10157400 9712466 10125293 10440233 12127185
aggiungi-auto 49427771 9099589
aggiungi-stazione 13188209 7 13564322 13401188 14215250 13112049 15255874 16137734 13467904
aggiungi-auto 13188209 14472357
aggiungi-auto 13188209 13187094
aggiungi-stazione 55018029 7 10492735 9246270 9784943 9502817 10460404 8980279 10898942
aggiungi-auto 55018029 10458791
aggiungi-stazione 77380020 9 7040307 8607633 7356153 6869923 6993191 8237593 8035768 8006765 7956253
aggiungi-stazione 43495523 9 11394565 11740882 11068688 12587597 11896785 12852135 10102468 11134588 11475590
aggiungi-auto 8188528 14517482
aggiungi-stazione 8186910 7 14112954 15339194 13797803 16639977 16588643 15122013 13282742
aggiungi-auto 8186910 14699611
aggiungi-auto 8186910 13208806
aggiungi-auto 8186910 17287527
aggiungi-stazione 90366234 6 5937126 5465547 5553476 6921305 5399079 6262314
aggiungi-auto 90366234 6113052
aggiungi-auto 90366234 6897626
aggiungi-auto 90366234 6563712
aggiungi-auto 36422172 11649393
aggiungi-stazione 27978620 5 11812585 11049956 14213470 11452167 14846617
aggiungi-stazione 35531164 5 13856186 11544273 13197196 10989992 10615632
aggiungi-stazione 35154957 6 11379572 13805966 12374102 12876622 11180352 13881317
aggiungi-auto 35154957 10406246
aggiungi-auto 35154957 11080047
aggiungi-auto 35154957 13305597
aggiungi-stazione 17177101 6 15660611 14024533 12627310 15314890 16007860 14521838
aggiungi-auto 17177101 13458256
aggiungi-stazione 55077342 8 11055276 9197786 9947296 9801594 10407843 9719230 10774827 8569346
aggiungi-auto 55077342 10069060
aggiungi-auto 55077342 10538866
aggiungi-stazione 84962506 8 6514912 7466679 7508112 6815069 5867583 7630461 6623628 6275882
aggiungi-auto 84962506 6769251
aggiungi-auto 31208289 8033453
aggiungi-stazione 95039588 5 5327003 5313904 5217879 4870525 4955743
aggiungi-auto 95039588 5899891
aggiungi-auto 95039588 4952560
aggiungi-stazione 84195098 6 7372573 6664386 6827916 7752367 7050377 7225123
pianifica-percorso 77380020 19861335
aggiungi-stazione 29990489 4 11736848 11427815 12201610 14113706
aggiungi-auto 29990489 14091771
aggiungi-auto 29990489 14647777
aggiungi-stazione 88816535 10 5546770 6490840 6600481 5740169 6373133 5499790 5814805 7180342 7134310 5488720
aggiungi-auto 61043412 14207022
aggiungi-auto 75250434 14207022
pianifica-percorso 76213640 36422172
